Version 0.9.7
5
 4 8 360 77 128 0 1
 5 80 400 206 81 2 2
 0 170 306 877 276 8 3
 1 460 601 206 81 140 4
 3 476 232 203 58 150 5
 0
22
 255 5 69 374 69 374 69 320 69 320 223 320 223 320 0 1 0 3
 0 5 69 473 69 473 69 554 69 554 223 554 223 554 0 1 0 3
 0 5 990 554 990 554 1064 554 1064 333 990 333 990 333 0 3 0 3
 255 5 990 320 990 320 1083 320 1083 567 990 567 990 567 0 3 0 3
 255 5 475 612 475 612 475 567 475 567 470 567 470 567 0 4 0 3
 0 5 475 670 475 670 457 670 457 670 457 554 457 554 0 4 0 3
 0 5 487 269 487 269 487 333 487 333 483 333 483 333 0 5 0 3
 65535 5 516 612 516 612 518 612 518 276 522 276 522 276 0 4 0 5
 65535 5 535 612 535 612 495 612 495 276 542 276 542 276 0 4 0 5
 65408 5 249 476 249 476 249 637 516 637 516 625 516 625 0 3 0 4
 65408 5 262 476 262 476 262 625 262 625 535 625 535 625 0 3 0 4
 4227327 5 275 476 275 476 275 476 353 476 353 476 353 476 0 3 0 3
 4227327 5 554 612 554 612 554 612 366 612 366 476 366 476 0 4 0 3
 16744448 5 379 476 379 476 379 476 457 476 457 476 457 476 0 3 0 3
 255 5 249 320 249 320 249 320 249 372 249 372 249 372 0 3 0 3
 255 5 353 320 353 320 353 320 353 372 353 372 353 372 0 3 0 3
 255 5 457 320 457 320 457 320 457 372 457 372 457 372 0 3 0 3
 0 5 327 515 327 515 327 515 327 554 327 554 327 554 0 3 0 3
 0 5 431 515 431 515 431 515 431 554 431 554 431 554 0 3 0 3
 0 5 535 515 535 515 535 515 535 554 535 554 535 554 0 3 0 3
 16744448 5 470 476 470 476 582 476 582 476 582 276 582 276 0 3 0 5
 65535 5 554 625 554 625 554 276 554 276 562 276 562 276 0 4 0 5
3
 7008 1 14 243 424 5 0 0 0 3
 7032 1 14 347 424 5 0 0 0 3
 7004 1 14 451 424 5 0 0 0 3
